1 11
2 11
3 10
4 10
5 10
6 11
7 3
8 11
9 6
10 10
11 11
12 11
13 11
14 10
15 10
16 10
17 9
18 3
19 11
20 10
21 10
22 1
23 9
24 11
25 1
26 7
27 4
28 1
29 1
30 1
31 3
32 1
33 7
34 11
35 6
36 2
37 5
38 2
39 9
40 9
41 8
42 4
43 9
44 10
45 9
46 12
47 11
48 4
49 10
50 10
51 6
52 10
53 10
54 10
55 10
56 1
57 10
58 10
59 1
60 11
61 11
62 11
63 11
64 8
65 3
66 11
67 9
68 1
69 11
70 3
71 11
72 1
73 11
74 3
75 9
76 4
77 5
78 5
79 11
80 3
81 3
82 9
83 12
84 1
85 11
86 10
87 10
88 9
89 11
90 11
91 10
92 10
93 11
94 4
95 1
96 10
97 6
98 6
99 7
100 7
101 2
102 3
103 2
104 7
105 7
106 7
107 5
108 9
109 4
110 10
111 3
112 1
113 1
114 4
115 11
116 5
117 5
118 5
119 9
120 8
121 11
122 1
123 9
124 3
125 11
126 6
127 8
128 6
129 6
130 8
131 11
132 11
133 8
134 10
135 6
136 1
137 6
138 10
139 9
140 3
141 10
142 9
143 11
144 10
145 6
146 9
147 8
148 4
149 1
150 6
151 1
152 9
153 1
154 2
155 8
156 1
157 8
158 7
159 7
160 8
161 1
162 11
163 10
164 2
165 2
166 10
167 10
168 10
169 9
170 9
171 8
172 9
173 11
174 10
175 11
176 3
177 11
178 10
179 4
180 11
181 6
182 9
183 8
184 7
185 11
186 10
187 11
188 4
189 12
190 10
191 10
192 8
193 10
194 10
195 10
196 10
197 10
198 4
199 9
200 7
201 1
202 7
203 10
204 2
205 6
206 8
207 2
