1 152
2 152
3 152
4 152
5 152
6 155
7 155
8 155
9 155
10 154
11 152
12 152
13 158
14 152
15 158
16 158
17 158
18 158
19 154
20 154
21 152
22 152
23 159
24 159
25 159
26 159
27 159
28 153
29 153
30 153
31 155
32 153
33 153
34 153
35 153
36 153
37 153
38 154
39 154
40 154
41 154
42 154
43 160
44 157
45 154
46 155
47 155
48 154
49 157
50 157
51 157
52 157
53 157
54 157
55 157
56 156
57 156
58 156
59 156
60 156
61 156
62 156
63 156
64 156
65 156
66 161
67 157
68 157
69 161
70 161
71 158
72 158
73 158
74 158
75 158
76 158
77 158
78 159
79 159
80 159
81 159
82 160
83 158
84 159
85 160
86 160
87 160
88 160
89 160
90 162
91 162
92 162
93 161
94 162
95 161
96 161
97 161
98 161
99 161
100 161
101 161
102 162
