1 99
2 99
3 99
4 99
5 99
6 99
7 99
8 99
9 99
10 99
11 99
12 101
13 101
14 103
15 103
16 103
17 102
18 99
19 99
20 102
21 102
22 99
23 98
24 99
25 99
26 99
27 103
28 100
29 100
30 100
31 100
32 100
33 99
34 98
35 98
36 99
37 99
38 98
39 99
40 101
41 99
42 98
43 99
44 101
45 101
46 101
47 101
48 101
49 102
50 101
51 98
52 98
53 98
54 99
55 99
56 99
57 100
58 100
59 101
60 101
61 101
62 101
63 101
64 102
65 102
66 100
67 100
68 101
69 102
70 102
71 103
72 102
73 103
74 103
75 103
76 103
77 102
78 103
79 103
80 98
